time,high1,

1598139796.759725,0,1899
1598139797.275692,0,1720
1598139797.455167,0,1707
1598139797.6732988,0,1667
1598139797.873995,0,1654
1598139798.0670028,0,1634
1598139798.258997,0,1621
1598139798.4481978,0,1614
1598139798.6258938,0,1608
1598139798.814653,0,1601
1598139798.998446,0,1588
1598139799.172019,0,1581
1598139799.3497002,0,1581
1598139799.537623,0,1575
1598139799.7245991,0,1568
1598139799.898134,0,1561
1598139800.073417,0,1555
1598139800.265367,0,1555
1598139800.448875,0,1548
1598139800.635475,0,1548
1598139800.822002,0,1542
1598139801.008703,0,1542
1598139801.2053308,0,1542
1598139801.384547,0,1542
1598139801.572017,0,1542
1598139801.7588348,0,1542
1598139801.930528,0,1542
1598139802.104765,0,1535
1598139802.3224478,0,1528
1598139802.549037,0,1522
1598139802.7321699,0,1522
1598139802.907478,0,1522
